Order 3
   1    1 000 (0o 0)
Order 4
   2    1 100100 (44o)
Order 5
   3    1 110010100 (624o)
Order 6
   4    1 111001010100 (7124o)
   5    2 110100110100 (6464o)
   6    3 110011001100 (6314o)
Order 7
   7    1 111100101010100 (74524o)
   8    2 111010011010100 (72324o)
   9    3 111001100110100 (71464o)
  10    4 110110010110100 (66264o)
Order 8
  11    1 111110010101010100 (762524o)
  12    2 111101001101010100 (751524o)
  13    3 111100110011010100 (746324o)
  14    4 111100101100110100 (745464o)
  15    5 111011001011010100 (731324o)
  16    6 111010100111010100 (724724o)
  17    7 111010011100110100 (723464o)
  18    8 111010011011001100 (723314o)
  19    9 111010011010110010 (723262o)
  20   10 111001110010110100 (716264o)
  21   11 111001100111001100 (714714o)
  22   12 110110100110110100 (664664o)
Order 9
  23    1 111111001010101010100 (7712524o)
  24    2 111110100110101010100 (7646524o)
  25    3 111110011001101010100 (7631524o)
  26    4 111110010110011010100 (7626324o)
  27    5 111101100101101010100 (7545524o)
  28    6 111101010011101010100 (7523524o)
  29    7 111101001110011010100 (7516324o)
  30    8 111101001101100110100 (7515464o)
  31    9 111101001101011001100 (7515314o)
  32   10 111101001101010110010 (7515262o)
  33   11 111100111001011010100 (7471324o)
  34   12 111100110100111010100 (7464724o)
  35   13 111100110011100110100 (7463464o)
  36   14 111100110011011001100 (7463314o)
  37   15 111100101110010110100 (7456264o)
  38   16 111011100101011010100 (7345324o)
  39   17 111011010011011010100 (7323324o)
  40   18 111011001100111010100 (7314724o)
  41   19 111011001011100110100 (7313464o)
  42   20 111011001011011001100 (7313314o)
  43   21 111011001011010110010 (7313262o)
  44   22 111010110010111010100 (7262724o)
  45   23 111010011101001110100 (7235164o)
  46   24 111010011100111001100 (7234714o)
  47   25 111010011100110110010 (7234662o)
  48   26 111010011011010011100 (7233234o)
  49   27 110110110010110110100 (6662664o)
Order 10
  50    1 111111100101010101010100 (77452524o)
  51    2 111111010011010101010100 (77232524o)
  52    3 111111001100110101010100 (77146524o)
  53    4 111111001011001101010100 (77131524o)
  54    5 111111001010110011010100 (77126324o)
  55    6 111110110010110101010100 (76626524o)
  56    7 111110101001110101010100 (76516524o)
  57    8 111110100111001101010100 (76471524o)
  58    9 111110100110110011010100 (76466324o)
  59   10 111110100110101100110100 (76465464o)
  60   11 111110100110101011001100 (76465314o)
  61   12 111110100110101010110010 (76465262o)
  62   13 111110011100101101010100 (76345524o)
  63   14 111110011010011101010100 (76323524o)
  64   15 111110011001110011010100 (76316324o)
  65   16 111110011001101100110100 (76315464o)
  66   17 111110011001101011001100 (76315314o)
  67   18 111110010111001011010100 (76271324o)
  68   19 111110010110100111010100 (76264724o)
  69   20 111110010110011100110100 (76263464o)
  70   21 111101110010101101010100 (75625524o)
  71   22 111101101001101101010100 (75515524o)
  72   23 111101100110011101010100 (75463524o)
  73   24 111101100101110011010100 (75456324o)
  74   25 111101100101101100110100 (75455464o)
  75   26 111101100101101011001100 (75455314o)
  76   27 111101100101101010110010 (75455262o)
  77   28 111101011001011101010100 (75313524o)
  78   29 111101010100111101010100 (75247524o)
  79   30 111101010011110011010100 (75236324o)
  80   31 111101010011101100110100 (75235464o)
  81   32 111101010011101011001100 (75235314o)
  82   33 111101010011101010110010 (75235262o)
  83   34 111101001111001011010100 (75171324o)
  84   35 111101001110100111010100 (75164724o)
  85   36 111101001110011100110100 (75163464o)
  86   37 111101001110011011001100 (75163314o)
  87   38 111101001110011010110010 (75163262o)
  88   39 111101001101110010110100 (75156264o)
  89   40 111101001101101001110100 (75155164o)
  90   41 111101001101100111001100 (75154714o)
  91   42 111101001101100110110010 (75154662o)
  92   43 111101001101011100101100 (75153454o)
  93   44 111101001101011010011100 (75153234o)
  94   45 111100111100101011010100 (74745324o)
  95   46 111100111010011011010100 (74723324o)
  96   47 111100111001100111010100 (74714724o)
  97   48 111100111001011100110100 (74713464o)
  98   49 111100111001011011001100 (74713314o)
  99   50 111100110110010111010100 (74662724o)
 100   51 111100110100111100110100 (74647464o)
 101   52 111100110100111011001100 (74647314o)
 102   53 111100110011110010110100 (74636264o)
 103   54 111100110011101001110100 (74635164o)
 104   55 111100110011100111001100 (74634714o)
 105   56 111100101110100110110100 (74564664o)
 106   57 111100101110011001110100 (74563164o)
 107   58 111011101001101011010100 (73515324o)
 108   59 111011100110011011010100 (73463324o)
 109   60 111011100101100111010100 (73454724o)
 110   61 111011011001011011010100 (73313324o)
 111   62 111011010100111011010100 (73247324o)
 112   63 111011010011100111010100 (73234724o)
 113   64 111011010011011100110100 (73233464o)
 114   65 111011010011011011001100 (73233314o)
 115   66 111011010011011010110010 (73233262o)
 116   67 111011001110010111010100 (73162724o)
 117   68 111011001100111011001100 (73147314o)
 118   69 111011001100111010110010 (73147262o)
 119   70 111011001011101001110100 (73135164o)
 120   71 111011001011100111001100 (73134714o)
 121   72 111011001011100110110010 (73134662o)
 122   73 111011001011011010011100 (73133234o)
 123   74 111011001011011001110010 (73133162o)
 124   75 111011001011010111001010 (73132712o)
 125   76 111011001011010110100110 (73132646o)
 126   77 111010111001010111010100 (72712724o)
 127   78 111010110010111010110010 (72627262o)
 128   79 111010011100111010011100 (72347234o)
 129   80 111010011100111001110010 (72347162o)
 130   81 111010011011011001011100 (72333134o)
 131   82 110110110100110110110100 (66646664o)
